4654041267
4652325423
4146901877
135939909
4434887436
109305030
216688513
26693489
2455283244
1153895907
2479165161
3317309594
1809016236
1181703836
359276215
655942354
1175431007
991901893
2556038142
2556038142
1490463049
4320790458
1749422983
910770649
625563496
166009924
644467476
2897049072
413895140
868875337
3665256735
1605725729
118216846
214071965
738353127
1618453738
1044498801
237841133
169023794
48392546
2254547313
2923632015
360231083
142691894
176400380
2534070796
4631481253
2534070796
36202733
2641453990
4490363693
877352235
3058522446
1528115076
1699283750
248465054
141966545
175776661
2577376860
3088969889
3945006489
2357287301
39793228
2571202318
515963942
2253089017
644467476
310853
249496928
1873054685
2055462039
1834898877
868867727
418309358
286971940
2513643166
1034537405
3727110835
2357896353
1398689022
388660376
1340501262
2577376860
1783142242
3592274684
868875337
2977701528
380052023
2897049072
3041742944
3361662116
118216846
646479478
3933586776
1783631005
907010624
114771384
4305605251
1171346696
3361662116
588024376
65285872
435293140
3617569256
523891730
